    Alt   Ust  Orta  Frekans  Goreli Frekans
0  3.84  3.84  2.90        1            0.01
1  3.84  3.84  3.01        2            0.02
2  3.84  3.84  3.12       11            0.09
3  3.84  3.84  3.23       18            0.15
4  3.84  3.84  3.34       22            0.18
5  3.84  3.84  3.45       35            0.29
6  3.84  3.84  3.56       14            0.12
7  3.84  3.84  3.67        8            0.07
8  3.84  3.84  3.78        5            0.04
9  3.84  3.84  3.89        4            0.03

Ortalama = 3.40275
Mod = 3.4
Medyan = 3.4
Varyans = 0.043403298
Standart Sapma = 0.208334582
